311|1043531|1
311|1043183|2
311|1043731|3
311|1043598|4
311|1043729|5
311|1043563|6
311|1043330|7
311|1043531|1
311|1043183|2
311|1043731|3
311|1043598|4
311|1043729|5
311|1043563|6
311|1043330|7
311|1043531|1
311|1043183|2
311|1043731|3
311|1043598|4
311|1043729|5
311|1043563|6
311|1043330|7
311|1043531|1
311|1043183|2
311|1043731|3
311|1043598|4
311|1043729|5
311|1043563|6
311|1043330|7
281|1043105|1
281|1043063|2
281|1001462|3
281|1042563|4
281|1037842|5
281|1001072|6
281|1005748|7
281|1001235|8
281|1043105|1
281|1043063|2
281|1001462|3
281|1042563|4
281|1037842|5
281|1001072|6
281|1005748|7
281|1001235|8
310|1043612|1
310|1043695|2
310|1043405|3
310|1043430|4
310|1043591|5
310|1043804|6
310|1043370|7
310|1043570|8
320|1043620|1
320|1043574|2
320|1043543|3
320|1043696|4
320|1043670|5
320|1043851|6
320|1002087|7
311|1043531|1
311|1043183|2
311|1043731|3
311|1043598|4
311|1043729|5
311|1043563|6
311|1043330|7
281|1043105|1
281|1043063|2
281|1001462|3
281|1042563|4
281|1037842|5
281|1001072|6
281|1005748|7
281|1001235|8
310|1043612|1
310|1043695|2
310|1043405|3
310|1043430|4
310|1043591|5
310|1043804|6
310|1043370|7
310|1043570|8
320|1043620|1
320|1043574|2
320|1043543|3
320|1043696|4
320|1043670|5
320|1043851|6
320|1002087|7
311|1043531|1
311|1043183|2
311|1043731|3
311|1043598|4
311|1043729|5
311|1043563|6
311|1043330|7
281|1043105|1
281|1043063|2
281|1001462|3
281|1042563|4
281|1037842|5
281|1001072|6
281|1005748|7
281|1001235|8
310|1043612|1
310|1043695|2
310|1043405|3
310|1043430|4
310|1043591|5
310|1043804|6
310|1043370|7
310|1043570|8
320|1043620|1
320|1043574|2
320|1043543|3
320|1043696|4
320|1043670|5
320|1043851|6
320|1002087|7
311|1043531|1
311|1043183|2
311|1043731|3
311|1043598|4
311|1043729|5
311|1043563|6
311|1043330|7
243|41|1
243|1001256|2
243|1001349|3
243|1006575|4
243|1001440|5
243|1002105|6
243|376|7
243|1000987|8
243|1010117|9
243|1029531|10
246|1017751|1
246|1028418|2
246|1021135|3
246|1024061|4
246|1023861|5
246|1021037|6
246|1019277|7
246|1017564|8
246|1027823|9
246|1020169|10
247|1001460|1
247|1033150|2
247|1033313|3
247|1030532|4
247|1033516|5
247|1033353|6
247|1033458|7
247|1033206|8
247|1028586|9
247|1031399|10
244|37|1
244|31|2
244|1000025|3
244|51|4
244|367|5
244|100|6
244|66|7
244|69|8
244|46|9
244|105|10
245|1001428|1
245|1005368|2
245|1018075|3
245|1011800|4
245|1007491|5
245|1013563|6
245|1006391|7
245|1035544|8
245|1000802|9
245|1000132|10
174|1024631|1
174|1025169|2
174|1025247|3
174|1015352|4
174|1012175|5
243|41|1
243|1001256|2
243|1001349|3
243|1006575|4
243|1001440|5
243|1002105|6
243|376|7
243|1000987|8
243|1010117|9
243|1029531|10
246|1017751|1
246|1028418|2
246|1021135|3
246|1024061|4
246|1023861|5
246|1021037|6
246|1019277|7
246|1017564|8
246|1027823|9
246|1020169|10
247|1001460|1
247|1033150|2
247|1033313|3
247|1030532|4
247|1033516|5
247|1033353|6
247|1033458|7
247|1033206|8
247|1028586|9
247|1031399|10
244|37|1
244|31|2
244|1000025|3
244|51|4
244|367|5
244|100|6
244|66|7
244|69|8
244|46|9
244|105|10
245|1001428|1
245|1005368|2
245|1018075|3
245|1011800|4
245|1007491|5
245|1013563|6
245|1006391|7
245|1035544|8
245|1000802|9
245|1000132|10
174|1024631|1
174|1025169|2
174|1025247|3
174|1015352|4
174|1012175|5
243|41|1
243|1001256|2
243|1001349|3
243|1006575|4
243|1001440|5
243|1002105|6
243|376|7
243|1000987|8
243|1010117|9
243|1029531|10
246|1017751|1
246|1028418|2
246|1021135|3
246|1024061|4
246|1023861|5
246|1021037|6
246|1019277|7
246|1017564|8
246|1027823|9
246|1020169|10
247|1001460|1
247|1033150|2
247|1033313|3
247|1030532|4
247|1033516|5
247|1033353|6
247|1033458|7
247|1033206|8
247|1028586|9
247|1031399|10
244|37|1
244|31|2
244|1000025|3
244|51|4
244|367|5
244|100|6
244|66|7
244|69|8
244|46|9
244|105|10
245|1001428|1
245|1005368|2
245|1018075|3
245|1011800|4
245|1007491|5
245|1013563|6
245|1006391|7
245|1035544|8
245|1000802|9
245|1000132|10
174|1024631|1
174|1025169|2
174|1025247|3
174|1015352|4
174|1012175|5
243|41|1
243|1001256|2
243|1001349|3
243|1006575|4
243|1001440|5
243|1002105|6
243|376|7
243|1000987|8
243|1010117|9
243|1029531|10
246|1017751|1
246|1028418|2
246|1021135|3
246|1024061|4
246|1023861|5
246|1021037|6
246|1019277|7
246|1017564|8
246|1027823|9
246|1020169|10
247|1001460|1
247|1033150|2
247|1033313|3
247|1030532|4
247|1033516|5
247|1033353|6
247|1033458|7
247|1033206|8
247|1028586|9
247|1031399|10
244|37|1
244|31|2
244|1000025|3
244|51|4
244|367|5
244|100|6
244|66|7
244|69|8
244|46|9
244|105|10
245|1001428|1
245|1005368|2
245|1018075|3
245|1011800|4
245|1007491|5
245|1013563|6
245|1006391|7
245|1035544|8
245|1000802|9
245|1000132|10
174|1024631|1
174|1025169|2
174|1025247|3
174|1015352|4
174|1012175|5
243|41|1
243|1001256|2
243|1001349|3
243|1006575|4
243|1001440|5
243|1002105|6
243|376|7
243|1000987|8
243|1010117|9
243|1029531|10
246|1017751|1
246|1028418|2
246|1021135|3
246|1024061|4
246|1023861|5
246|1021037|6
246|1019277|7
246|1017564|8
246|1027823|9
246|1020169|10
247|1001460|1
247|1033150|2
247|1033313|3
247|1030532|4
247|1033516|5
247|1033353|6
247|1033458|7
247|1033206|8
247|1028586|9
247|1031399|10
244|37|1
244|31|2
244|1000025|3
244|51|4
244|367|5
244|100|6
244|66|7
244|69|8
244|46|9
244|105|10
245|1001428|1
245|1005368|2
245|1018075|3
245|1011800|4
245|1007491|5
245|1013563|6
245|1006391|7
245|1035544|8
245|1000802|9
245|1000132|10
174|1024631|1
174|1025169|2
174|1025247|3
174|1015352|4
174|1012175|5
281|1043105|1
281|1043063|2
281|1001462|3
281|1042563|4
281|1037842|5
281|1001072|6
281|1005748|7
281|1001235|8
310|1043612|1
310|1043695|2
310|1043405|3
310|1043430|4
310|1043591|5
310|1043804|6
310|1043370|7
310|1043570|8
320|1043620|1
320|1043574|2
320|1043543|3
320|1043696|4
320|1043670|5
320|1043851|6
320|1002087|7
311|1043531|1
311|1043183|2
311|1043731|3
311|1043598|4
311|1043729|5
311|1043563|6
311|1043330|7
312|1043417|1
312|1043563|2
312|1043065|3
312|1043124|4
312|1043133|5
312|1043242|6
311|1043531|1
311|1043183|2
311|1043731|3
311|1043598|4
311|1043729|5
311|1043563|6
311|1043330|7
301|1043442|1
301|1043491|2
301|1043305|3
301|1043152|4
301|1043084|5
301|1034169|6
301|1043128|7
301|1034090|8
294|1042865|1
294|1043565|2
294|1043631|3
294|1043590|4
294|1043574|5
294|1043583|6
294|1043577|7
294|1010441|8
294|1043071|9
294|1043538|10
293|1043210|1
293|1041801|2
293|1001115|3
293|1001759|4
293|1001071|5
293|1037205|6
221|1022364|1
221|1021915|2
221|1008844|3
221|1028641|4
220|1033458|1
220|1031399|2
220|1033353|3
220|1033688|4
220|1028586|5
220|1032368|6
219|1032885|1
219|1033303|2
219|1032850|3
219|1032539|4
219|1033558|5
218|1009383|1
218|1031204|2
218|1029648|3
218|1025081|4
218|1011725|5
217|1030456|1
217|1001299|2
217|1016438|3
217|1027845|4
216|1025775|1
216|1001801|2
216|1004358|3
216|1001507|4
312|1043417|1
312|1043563|2
312|1043065|3
312|1043124|4
312|1043133|5
312|1043242|6
311|1043531|1
311|1043183|2
311|1043731|3
311|1043598|4
311|1043729|5
311|1043563|6
311|1043330|7
301|1043442|1
301|1043491|2
301|1043305|3
301|1043152|4
301|1043084|5
301|1034169|6
301|1043128|7
301|1034090|8
294|1042865|1
294|1043565|2
294|1043631|3
294|1043590|4
294|1043574|5
294|1043583|6
294|1043577|7
294|1010441|8
294|1043071|9
294|1043538|10
293|1043210|1
293|1041801|2
293|1001115|3
293|1001759|4
293|1001071|5
293|1037205|6
312|1043417|1
312|1043563|2
312|1043065|3
312|1043124|4
312|1043133|5
312|1043242|6
311|1043531|1
311|1043183|2
311|1043731|3
311|1043598|4
311|1043729|5
311|1043563|6
311|1043330|7
301|1043442|1
301|1043491|2
301|1043305|3
301|1043152|4
301|1043084|5
301|1034169|6
301|1043128|7
301|1034090|8
294|1042865|1
294|1043565|2
294|1043631|3
294|1043590|4
294|1043574|5
294|1043583|6
294|1043577|7
294|1010441|8
294|1043071|9
294|1043538|10
293|1043210|1
293|1041801|2
293|1001115|3
293|1001759|4
293|1001071|5
293|1037205|6
292|1043057|1
292|1001052|2
292|1015862|3
292|1035739|4
292|1023090|5
292|1007670|6
291|1043518|1
291|1043183|2
291|1009146|3
291|1007743|4
291|1000038|5
291|1039863|6
291|1001844|7
291|1043132|8
290|1043307|1
290|1043375|2
290|1043278|3
290|1043354|4
290|1043361|5
290|1043373|6
290|1043399|7
288|1043518|1
288|1043132|2
288|1040598|3
288|1019302|4
288|1007743|5
288|1004503|6
288|1001844|7
286|1043206|1
286|1043333|2
286|1043145|3
286|1043070|4
286|1043263|5
286|1043216|6
286|1043364|7
312|1043417|1
312|1043563|2
312|1043065|3
312|1043124|4
312|1043133|5
312|1043242|6
311|1043531|1
311|1043183|2
311|1043731|3
311|1043598|4
311|1043729|5
311|1043563|6
311|1043330|7
301|1043442|1
301|1043491|2
301|1043305|3
301|1043152|4
301|1043084|5
301|1034169|6
301|1043128|7
301|1034090|8
294|1042865|1
294|1043565|2
294|1043631|3
294|1043590|4
294|1043574|5
294|1043583|6
294|1043577|7
294|1010441|8
294|1043071|9
294|1043538|10
293|1043210|1
293|1041801|2
293|1001115|3
293|1001759|4
293|1001071|5
293|1037205|6
292|1043057|1
292|1001052|2
292|1015862|3
292|1035739|4
292|1023090|5
292|1007670|6
291|1043518|1
291|1043183|2
291|1009146|3
291|1007743|4
291|1000038|5
291|1039863|6
291|1001844|7
291|1043132|8
290|1043307|1
290|1043375|2
290|1043278|3
290|1043354|4
290|1043361|5
290|1043373|6
290|1043399|7
288|1043518|1
288|1043132|2
288|1040598|3
288|1019302|4
288|1007743|5
288|1004503|6
288|1001844|7
286|1043206|1
286|1043333|2
286|1043145|3
286|1043070|4
286|1043263|5
286|1043216|6
286|1043364|7
241|1030413|1
241|1032028|2
241|1023958|3
241|1023263|4
241|1001256|5
241|1001837|6
231|1039883|1
231|1007316|2
231|1019165|3
231|1009689|4
231|1003897|5
229|1006575|1
229|1000108|2
229|216|3
229|1008477|4
228|1018209|1
228|1004926|2
228|1001389|3
228|1035739|4
228|1030466|5
228|1033021|6
228|1000823|7
227|1039727|1
227|1038122|2
227|1038643|3
227|1037533|4
227|1037020|5
227|1036666|6
226|1034580|1
226|1019714|2
226|1001367|3
226|1004265|4
226|1008180|5
225|1001504|1
225|1031090|2
225|1025204|3
225|1001753|4
225|1001920|5
225|1017906|6
225|362|7
225|1000069|8
225|127|9
224|1035602|1
224|1037378|2
224|1035848|3
224|1001009|4
224|1035665|5
224|1035533|6
223|1030999|1
223|1023921|2
223|1034248|3
223|1005941|4
223|1000059|5
223|1000058|6
223|249|7
222|1035213|1
222|1035268|2
222|1008890|3
222|1021629|4
222|1025274|5
312|1043417|1
312|1043563|2
312|1043065|3
312|1043124|4
312|1043133|5
312|1043242|6
311|1043531|1
311|1043183|2
311|1043731|3
311|1043598|4
311|1043729|5
311|1043563|6
311|1043330|7
301|1043442|1
301|1043491|2
301|1043305|3
301|1043152|4
301|1043084|5
301|1034169|6
301|1043128|7
301|1034090|8
294|1042865|1
294|1043565|2
294|1043631|3
294|1043590|4
294|1043574|5
294|1043583|6
294|1043577|7
294|1010441|8
294|1043071|9
294|1043538|10
293|1043210|1
293|1041801|2
293|1001115|3
293|1001759|4
293|1001071|5
293|1037205|6
292|1043057|1
292|1001052|2
292|1015862|3
292|1035739|4
292|1023090|5
292|1007670|6
291|1043518|1
291|1043183|2
291|1009146|3
291|1007743|4
291|1000038|5
291|1039863|6
291|1001844|7
291|1043132|8
290|1043307|1
290|1043375|2
290|1043278|3
290|1043354|4
290|1043361|5
290|1043373|6
290|1043399|7
288|1043518|1
288|1043132|2
288|1040598|3
288|1019302|4
288|1007743|5
288|1004503|6
288|1001844|7
286|1043206|1
286|1043333|2
286|1043145|3
286|1043070|4
286|1043263|5
286|1043216|6
286|1043364|7
