2|134|送自己|117|0|http://s.haohuojun.com/items/img/item134_icon.jpg
134|1043565|1
134|1043609|2
134|1043456|3
134|1043583|4
134|1043442|5
134|1043505|6
134|1043377|7
134|1043396|8
134|1043417|9
134|1043255|10
111|1044219|1
111|1043585|2
111|1043672|3
111|1043851|4
111|1043671|5
111|1043820|6
111|1043670|7
111|1043783|8
111|1043765|9
111|1043733|10
112|1043606|1
112|1043617|2
112|1043631|3
112|1043517|4
112|1043550|5
112|1043558|6
112|1000602|7
112|1037502|8
112|1024372|9
112|1038102|10
110|1044013|1
110|1044140|2
110|1044097|3
110|1044133|4
110|1044129|5
110|1044054|6
110|1044064|7
110|1044082|8
110|1044058|9
110|1044042|10
2|1044114|1
2|1043997|2
2|1043999|3
2|1043752|4
2|1043736|5
2|1043726|6
2|1043682|7
2|1043674|8
2|1043641|9
2|1043638|10
116|1043595|1
116|1043573|2
116|1043547|3
116|1043461|4
116|1036110|5
116|300|6
116|1026299|7
116|1026067|8
116|1003574|9
116|1039333|10
118|1044197|1
118|1043735|2
118|1043921|3
118|1043734|4
118|1043906|5
118|1043673|6
118|1043817|7
118|1043804|8
118|1043695|9
118|1043771|10
117|1043698|1
117|1043563|2
117|1043613|3
117|1043621|4
117|1043479|5
117|1043557|6
117|1043583|7
117|1035155|8
117|1037363|9
117|1037585|10
113|1044189|1
113|1043838|2
113|1043737|3
113|1043784|4
113|1044162|5
113|1044021|6
113|1044168|7
113|1043989|8
113|1043914|9
113|1043636|10
121|1043576|1
121|1043603|2
121|1043601|3
121|1043506|4
121|1043547|5
121|1043559|6
121|1044196|7
121|1044183|8
121|1037265|9
121|1037679|10
3|1002085|1
3|1001212|2
3|48|3
3|1000581|4
3|98|5
3|38|6
3|1015176|7
3|105|8
3|19|9
3|1001488|10
119|1043549|1
119|1043603|2
119|1028763|3
119|1043470|4
119|1043438|5
119|1043545|6
119|1025897|7
119|1000433|8
119|1043060|9
119|1043276|10
122|1043600|1
122|1043572|2
122|1043631|3
122|1001901|4
122|210|5
122|345|6
122|1001724|7
122|1043381|8
122|1043266|9
122|1043412|10
123|1029521|1
123|1012383|2
123|1015873|3
123|1014058|4
123|1034824|5
123|1016438|6
123|1001279|7
123|1008415|8
123|1000399|9
123|1006324|10
124|359|1
124|1027507|2
124|1029487|3
124|1028641|4
124|1030439|5
124|1030433|6
124|1031954|7
124|1032061|8
124|1032196|9
124|1001254|10
129|1044195|1
129|1044033|2
129|1043963|3
129|1043952|4
129|1043873|5
129|1043846|6
129|1043827|7
129|1043811|8
129|1043787|9
129|1043774|10
125|1043631|1
125|1043606|2
125|1043558|3
125|1043270|4
125|1043562|5
125|1043539|6
125|1043357|7
125|1043429|8
125|1043403|9
125|1043305|10
11|1043421|1
11|1043430|2
11|1043683|3
11|1043429|4
11|1043626|5
11|1043593|6
11|1043631|7
11|1043501|8
11|1043462|9
11|1043339|10
14|1043594|1
14|1043506|2
14|1043550|3
14|1043562|4
14|1043125|5
14|1043428|6
14|1043216|7
14|1043128|8
14|1043322|9
14|1043358|10
28|1044008|1
28|1044152|2
28|1044183|3
28|1043629|4
28|1043652|5
28|1043686|6
28|1043603|7
28|1043386|8
28|1043139|9
28|1043576|10
126|1043600|1
126|1043558|2
126|1043631|3
126|1043392|4
126|1043424|5
126|1043473|6
126|1043403|7
126|1043266|8
126|1043381|9
126|1043279|10
127|1043617|1
127|1043601|2
127|1043603|3
127|1043547|4
127|1043459|5
127|1043328|6
127|1043412|7
127|1043358|8
127|1043424|9
127|1043228|10
10|1044003|1
10|1043847|2
10|1043043|3
10|1043612|4
10|1043545|5
10|1043440|6
10|1043643|7
10|1043518|8
10|1043559|9
10|1043574|10
9|1043904|1
9|1044094|2
9|1043714|3
9|1043576|4
9|1043652|5
9|1043462|6
9|1042865|7
9|1043547|8
9|1043558|9
9|1043590|10
24|1018768|1
24|1000433|2
24|1001566|3
24|1011765|4
24|1019015|5
24|1000390|6
24|1043577|7
24|1028763|8
24|1043276|9
24|1018224|10
6|1043581|1
6|1044188|2
6|1044183|3
6|1011738|4
6|1001657|5
6|1001745|6
6|1043757|7
6|1043491|8
6|1032723|9
6|1043285|10
26|1043745|1
26|1043474|2
26|1043570|3
26|1043657|4
26|1043603|5
26|1043478|6
26|1043139|7
26|1043348|8
26|1043228|9
26|1043473|10
5|1043573|1
5|1043641|2
5|1044022|3
5|1043594|4
5|1043635|5
5|1043534|6
5|1043597|7
5|1043484|8
5|1043804|9
5|1043553|10
17|1043674|1
17|1043422|2
17|1043439|3
17|1043601|4
17|1043679|5
17|1043580|6
17|1043285|7
17|1043505|8
17|1043255|9
17|1023630|10
132|1043398|1
132|1043608|2
132|1043598|3
132|1043459|4
132|1043437|5
132|1043461|6
132|1043281|7
132|1043290|8
132|1043358|9
132|1043357|10
133|1043557|1
133|1043565|2
133|1043617|3
133|1043538|4
133|1043470|5
133|1043035|6
133|1043285|7
133|1043125|8
133|1043238|9
133|1043276|10
134|1043565|1
134|1043609|2
134|1043456|3
134|1043583|4
134|1043442|5
134|1043505|6
134|1043377|7
134|1043396|8
134|1043417|9
134|1043255|10
111|1044219|1
111|1043585|2
111|1043672|3
111|1043851|4
111|1043671|5
111|1043820|6
111|1043670|7
111|1043783|8
111|1043765|9
111|1043733|10
112|1043606|1
112|1043617|2
112|1043631|3
112|1043517|4
112|1043550|5
112|1043558|6
112|1000602|7
112|1037502|8
112|1024372|9
112|1038102|10
110|1044013|1
110|1044140|2
110|1044097|3
110|1044133|4
110|1044129|5
110|1044054|6
110|1044064|7
110|1044082|8
110|1044058|9
110|1044042|10
2|1044114|1
2|1043997|2
2|1043999|3
2|1043752|4
2|1043736|5
2|1043726|6
2|1043682|7
2|1043674|8
2|1043641|9
2|1043638|10
116|1043595|1
116|1043573|2
116|1043547|3
116|1043461|4
116|1036110|5
116|300|6
116|1026299|7
116|1026067|8
116|1003574|9
116|1039333|10
118|1044197|1
118|1043735|2
118|1043921|3
118|1043734|4
118|1043906|5
118|1043673|6
118|1043817|7
118|1043804|8
118|1043695|9
118|1043771|10
117|1043698|1
117|1043563|2
117|1043613|3
117|1043621|4
117|1043479|5
117|1043557|6
117|1043583|7
117|1035155|8
117|1037363|9
117|1037585|10
113|1044189|1
113|1043838|2
113|1043737|3
113|1043784|4
113|1044162|5
113|1044021|6
113|1044168|7
113|1043989|8
113|1043914|9
113|1043636|10
121|1043576|1
121|1043603|2
121|1043601|3
121|1043506|4
121|1043547|5
121|1043559|6
121|1044196|7
121|1044183|8
121|1037265|9
121|1037679|10
3|1002085|1
3|1001212|2
3|48|3
3|1000581|4
3|98|5
3|38|6
3|1015176|7
3|105|8
3|19|9
3|1001488|10
119|1043549|1
119|1043603|2
119|1028763|3
119|1043470|4
119|1043438|5
119|1043545|6
119|1025897|7
119|1000433|8
119|1043060|9
119|1043276|10
122|1043600|1
122|1043572|2
122|1043631|3
122|1001901|4
122|210|5
122|345|6
122|1001724|7
122|1043381|8
122|1043266|9
122|1043412|10
123|1029521|1
123|1012383|2
123|1015873|3
123|1014058|4
123|1034824|5
123|1016438|6
123|1001279|7
123|1008415|8
123|1000399|9
123|1006324|10
124|359|1
124|1027507|2
124|1029487|3
124|1028641|4
124|1030439|5
124|1030433|6
124|1031954|7
124|1032061|8
124|1032196|9
124|1001254|10
129|1044195|1
129|1044033|2
129|1043963|3
129|1043952|4
129|1043873|5
129|1043846|6
129|1043827|7
129|1043811|8
129|1043787|9
129|1043774|10
125|1043631|1
125|1043606|2
125|1043558|3
125|1043270|4
125|1043562|5
125|1043539|6
125|1043357|7
125|1043429|8
125|1043403|9
125|1043305|10
11|1043421|1
11|1043430|2
11|1043683|3
11|1043429|4
11|1043626|5
11|1043593|6
11|1043631|7
11|1043501|8
11|1043462|9
11|1043339|10
14|1043594|1
14|1043506|2
14|1043550|3
14|1043562|4
14|1043125|5
14|1043428|6
14|1043216|7
14|1043128|8
14|1043322|9
14|1043358|10
28|1044008|1
28|1044152|2
28|1044183|3
28|1043629|4
28|1043652|5
28|1043686|6
28|1043603|7
28|1043386|8
28|1043139|9
28|1043576|10
126|1043600|1
126|1043558|2
126|1043631|3
126|1043392|4
126|1043424|5
126|1043473|6
126|1043403|7
126|1043266|8
126|1043381|9
126|1043279|10
127|1043617|1
127|1043601|2
127|1043603|3
127|1043547|4
127|1043459|5
127|1043328|6
127|1043412|7
127|1043358|8
127|1043424|9
127|1043228|10
10|1044003|1
10|1043847|2
10|1043043|3
10|1043612|4
10|1043545|5
10|1043440|6
10|1043643|7
10|1043518|8
10|1043559|9
10|1043574|10
9|1043904|1
9|1044094|2
9|1043714|3
9|1043576|4
9|1043652|5
9|1043462|6
9|1042865|7
9|1043547|8
9|1043558|9
9|1043590|10
24|1018768|1
24|1000433|2
24|1001566|3
24|1011765|4
24|1019015|5
24|1000390|6
24|1043577|7
24|1028763|8
24|1043276|9
24|1018224|10
6|1043581|1
6|1044188|2
6|1044183|3
6|1011738|4
6|1001657|5
6|1001745|6
6|1043757|7
6|1043491|8
6|1032723|9
6|1043285|10
26|1043745|1
26|1043474|2
26|1043570|3
26|1043657|4
26|1043603|5
26|1043478|6
26|1043139|7
26|1043348|8
26|1043228|9
26|1043473|10
5|1043573|1
5|1043641|2
5|1044022|3
5|1043594|4
5|1043635|5
5|1043534|6
5|1043597|7
5|1043484|8
5|1043804|9
5|1043553|10
17|1043674|1
17|1043422|2
17|1043439|3
17|1043601|4
17|1043679|5
17|1043580|6
17|1043285|7
17|1043505|8
17|1043255|9
17|1023630|10
132|1043398|1
132|1043608|2
132|1043598|3
132|1043459|4
132|1043437|5
132|1043461|6
132|1043281|7
132|1043290|8
132|1043358|9
132|1043357|10
133|1043557|1
133|1043565|2
133|1043617|3
133|1043538|4
133|1043470|5
133|1043035|6
133|1043285|7
133|1043125|8
133|1043238|9
133|1043276|10
134|1043565|1
134|1043609|2
134|1043456|3
134|1043583|4
134|1043442|5
134|1043505|6
134|1043377|7
134|1043396|8
134|1043417|9
134|1043255|10
111|1044219|1
111|1043585|2
111|1043672|3
111|1043851|4
111|1043671|5
111|1043820|6
111|1043670|7
111|1043783|8
111|1043765|9
111|1043733|10
112|1043606|1
112|1043617|2
112|1043631|3
112|1043517|4
112|1043550|5
112|1043558|6
112|1000602|7
112|1037502|8
112|1024372|9
112|1038102|10
110|1044013|1
110|1044140|2
110|1044097|3
110|1044133|4
110|1044129|5
110|1044054|6
110|1044064|7
110|1044082|8
110|1044058|9
110|1044042|10
2|1044114|1
2|1043997|2
2|1043999|3
2|1043752|4
2|1043736|5
2|1043726|6
2|1043682|7
2|1043674|8
2|1043641|9
2|1043638|10
116|1043595|1
116|1043573|2
116|1043547|3
116|1043461|4
116|1036110|5
116|300|6
116|1026299|7
116|1026067|8
116|1003574|9
116|1039333|10
118|1044197|1
118|1043735|2
118|1043921|3
118|1043734|4
118|1043906|5
118|1043673|6
118|1043817|7
118|1043804|8
118|1043695|9
118|1043771|10
117|1043698|1
117|1043563|2
117|1043613|3
117|1043621|4
117|1043479|5
117|1043557|6
117|1043583|7
117|1035155|8
117|1037363|9
117|1037585|10
113|1044189|1
113|1043838|2
113|1043737|3
113|1043784|4
113|1044162|5
113|1044021|6
113|1044168|7
113|1043989|8
113|1043914|9
113|1043636|10
121|1043576|1
121|1043603|2
121|1043601|3
121|1043506|4
121|1043547|5
121|1043559|6
121|1044196|7
121|1044183|8
121|1037265|9
121|1037679|10
3|1002085|1
3|1001212|2
3|48|3
3|1000581|4
3|98|5
3|38|6
3|1015176|7
3|105|8
3|19|9
3|1001488|10
119|1043549|1
119|1043603|2
119|1028763|3
119|1043470|4
119|1043438|5
119|1043545|6
119|1025897|7
119|1000433|8
119|1043060|9
119|1043276|10
122|1043600|1
122|1043572|2
122|1043631|3
122|1001901|4
122|210|5
122|345|6
122|1001724|7
122|1043381|8
122|1043266|9
122|1043412|10
123|1029521|1
123|1012383|2
123|1015873|3
123|1014058|4
123|1034824|5
123|1016438|6
123|1001279|7
123|1008415|8
123|1000399|9
123|1006324|10
124|359|1
124|1027507|2
124|1029487|3
124|1028641|4
124|1030439|5
124|1030433|6
124|1031954|7
124|1032061|8
124|1032196|9
124|1001254|10
129|1044195|1
129|1044033|2
129|1043963|3
129|1043952|4
129|1043873|5
129|1043846|6
129|1043827|7
129|1043811|8
129|1043787|9
129|1043774|10
125|1043631|1
125|1043606|2
125|1043558|3
125|1043270|4
125|1043562|5
125|1043539|6
125|1043357|7
125|1043429|8
125|1043403|9
125|1043305|10
11|1043421|1
11|1043430|2
11|1043683|3
11|1043429|4
11|1043626|5
11|1043593|6
11|1043631|7
11|1043501|8
11|1043462|9
11|1043339|10
14|1043594|1
14|1043506|2
14|1043550|3
14|1043562|4
14|1043125|5
14|1043428|6
14|1043216|7
14|1043128|8
14|1043322|9
14|1043358|10
28|1044008|1
28|1044152|2
28|1044183|3
28|1043629|4
28|1043652|5
28|1043686|6
28|1043603|7
28|1043386|8
28|1043139|9
28|1043576|10
126|1043600|1
126|1043558|2
126|1043631|3
126|1043392|4
126|1043424|5
126|1043473|6
126|1043403|7
126|1043266|8
126|1043381|9
126|1043279|10
127|1043617|1
127|1043601|2
127|1043603|3
127|1043547|4
127|1043459|5
127|1043328|6
127|1043412|7
127|1043358|8
127|1043424|9
127|1043228|10
10|1044003|1
10|1043847|2
10|1043043|3
10|1043612|4
10|1043545|5
10|1043440|6
10|1043643|7
10|1043518|8
10|1043559|9
10|1043574|10
9|1043904|1
9|1044094|2
9|1043714|3
9|1043576|4
9|1043652|5
9|1043462|6
9|1042865|7
9|1043547|8
9|1043558|9
9|1043590|10
24|1018768|1
24|1000433|2
24|1001566|3
24|1011765|4
24|1019015|5
24|1000390|6
24|1043577|7
24|1028763|8
24|1043276|9
24|1018224|10
6|1043581|1
6|1044188|2
6|1044183|3
6|1011738|4
6|1001657|5
6|1001745|6
6|1043757|7
6|1043491|8
6|1032723|9
6|1043285|10
26|1043745|1
26|1043474|2
26|1043570|3
26|1043657|4
26|1043603|5
26|1043478|6
26|1043139|7
26|1043348|8
26|1043228|9
26|1043473|10
5|1043573|1
5|1043641|2
5|1044022|3
5|1043594|4
5|1043635|5
5|1043534|6
5|1043597|7
5|1043484|8
5|1043804|9
5|1043553|10
17|1043674|1
17|1043422|2
17|1043439|3
17|1043601|4
17|1043679|5
17|1043580|6
17|1043285|7
17|1043505|8
17|1043255|9
17|1023630|10
132|1043398|1
132|1043608|2
132|1043598|3
132|1043459|4
132|1043437|5
132|1043461|6
132|1043281|7
132|1043290|8
132|1043358|9
132|1043357|10
133|1043557|1
133|1043565|2
133|1043617|3
133|1043538|4
133|1043470|5
133|1043035|6
133|1043285|7
133|1043125|8
133|1043238|9
133|1043276|10
134|1043565|1
134|1043609|2
134|1043456|3
134|1043583|4
134|1043442|5
134|1043505|6
134|1043377|7
134|1043396|8
134|1043417|9
134|1043255|10
111|1044219|1
111|1043585|2
111|1043672|3
111|1043851|4
111|1043671|5
111|1043820|6
111|1043670|7
111|1043783|8
111|1043765|9
111|1043733|10
112|1043606|1
112|1043617|2
112|1043631|3
112|1043517|4
112|1043550|5
112|1043558|6
112|1000602|7
112|1037502|8
112|1024372|9
112|1038102|10
110|1044013|1
110|1044140|2
110|1044097|3
110|1044133|4
110|1044129|5
110|1044054|6
110|1044064|7
110|1044082|8
110|1044058|9
110|1044042|10
2|1044114|1
2|1043997|2
2|1043999|3
2|1043752|4
2|1043736|5
2|1043726|6
2|1043682|7
2|1043674|8
2|1043641|9
2|1043638|10
116|1043595|1
116|1043573|2
116|1043547|3
116|1043461|4
116|1036110|5
116|300|6
116|1026299|7
116|1026067|8
116|1003574|9
116|1039333|10
118|1044052|1
118|1044197|2
118|1043735|3
118|1043921|4
118|1043734|5
118|1043906|6
118|1043673|7
118|1043817|8
118|1043804|9
118|1043695|10
117|1043698|1
117|1043563|2
117|1043613|3
117|1043621|4
117|1043479|5
117|1043557|6
117|1043583|7
117|1035155|8
117|1037363|9
117|1037585|10
113|1044189|1
113|1043737|2
113|1044162|3
113|1044021|4
113|1044168|5
113|1043989|6
113|1043914|7
113|1043636|8
113|1043883|9
113|1043816|10
121|1043576|1
121|1043603|2
121|1043601|3
121|1043506|4
121|1043547|5
121|1043559|6
121|1044196|7
121|1044183|8
121|1037265|9
121|1037679|10
3|1002085|1
3|1001212|2
3|48|3
3|1000581|4
3|98|5
3|38|6
3|1015176|7
3|105|8
3|19|9
3|1001488|10
119|1043549|1
119|1043603|2
119|1028763|3
119|1043470|4
119|1043438|5
119|1043545|6
119|1025897|7
119|1000433|8
119|1043060|9
119|1043276|10
122|1043600|1
122|1043572|2
122|1043631|3
122|1001901|4
122|210|5
122|345|6
122|1001724|7
122|1043381|8
122|1043266|9
122|1043412|10
123|1029521|1
123|1012383|2
123|1015873|3
123|1014058|4
123|1034824|5
123|1016438|6
123|1001279|7
123|1008415|8
123|1000399|9
123|1006324|10
124|359|1
124|1027507|2
124|1029487|3
124|1028641|4
124|1030439|5
124|1030433|6
124|1031954|7
124|1032061|8
124|1032196|9
124|1001254|10
129|1044195|1
129|1044033|2
129|1043963|3
129|1043952|4
129|1043873|5
129|1043846|6
129|1043827|7
129|1043811|8
129|1043787|9
129|1043774|10
125|1043631|1
125|1043606|2
125|1043558|3
125|1043270|4
125|1043562|5
125|1043539|6
125|1043357|7
125|1043429|8
125|1043403|9
125|1043305|10
11|1043421|1
11|1043430|2
11|1043683|3
11|1043429|4
11|1043626|5
11|1043593|6
11|1043631|7
11|1043501|8
11|1043462|9
11|1043339|10
14|1043594|1
14|1043506|2
14|1043550|3
14|1043562|4
14|1043125|5
14|1043428|6
14|1043216|7
14|1043128|8
14|1043322|9
14|1043358|10
28|1044008|1
28|1044152|2
28|1044183|3
28|1043629|4
28|1043652|5
28|1043686|6
28|1043603|7
28|1043386|8
28|1043139|9
28|1043576|10
126|1043600|1
126|1043558|2
126|1043631|3
126|1043392|4
126|1043424|5
126|1043473|6
126|1043403|7
126|1043266|8
126|1043381|9
126|1043279|10
127|1043617|1
127|1043601|2
127|1043603|3
127|1043547|4
127|1043459|5
127|1043328|6
127|1043412|7
127|1043358|8
127|1043424|9
127|1043228|10
10|1043847|1
10|1044003|2
10|1043440|3
10|1043545|4
10|1043612|5
10|1043559|6
10|1043518|7
10|1043643|8
10|1043430|9
10|1043482|10
9|1044094|1
9|1043714|2
9|1043576|3
9|1043652|4
9|1043462|5
9|1042865|6
9|1043547|7
9|1043558|8
9|1043590|9
9|1043478|10
24|1018768|1
24|1000433|2
24|1001566|3
24|1011765|4
24|1019015|5
24|1000390|6
24|1043577|7
24|1028763|8
24|1043276|9
24|1018224|10
6|1043581|1
6|1044188|2
6|1044183|3
6|1011738|4
6|1001657|5
6|1001745|6
6|1043757|7
6|1043491|8
6|1032723|9
6|1043285|10
26|1043745|1
26|1043474|2
26|1043570|3
26|1043657|4
26|1043603|5
26|1043478|6
26|1043139|7
26|1043348|8
26|1043228|9
26|1043473|10
5|1043573|1
5|1043641|2
5|1043594|3
5|1043635|4
5|1043534|5
5|1043597|6
5|1043484|7
5|1043804|8
5|1043553|9
5|1043408|10
17|1043674|1
17|1043422|2
17|1043439|3
17|1043601|4
17|1043679|5
17|1043580|6
17|1043285|7
17|1043505|8
17|1043255|9
17|1023630|10
132|1043398|1
132|1043608|2
132|1043598|3
132|1043459|4
132|1043437|5
132|1043461|6
132|1043281|7
132|1043290|8
132|1043358|9
132|1043357|10
133|1043557|1
133|1043565|2
133|1043617|3
133|1043538|4
133|1043470|5
133|1043035|6
133|1043285|7
133|1043125|8
133|1043238|9
133|1043276|10
134|1043565|1
134|1043609|2
134|1043456|3
134|1043583|4
134|1043442|5
134|1043505|6
134|1043377|7
134|1043396|8
134|1043417|9
134|1043255|10
111|1044219|1
111|1043585|2
111|1043672|3
111|1043851|4
111|1043671|5
111|1043820|6
111|1043670|7
111|1043783|8
111|1043765|9
111|1043733|10
112|1043606|1
112|1043617|2
112|1043631|3
112|1043517|4
112|1043550|5
112|1043558|6
112|1000602|7
112|1037502|8
112|1024372|9
112|1038102|10
110|1044013|1
110|1044140|2
110|1044097|3
110|1044133|4
110|1044129|5
110|1044054|6
110|1044064|7
110|1044082|8
110|1044058|9
110|1044042|10
2|1044114|1
2|1043997|2
2|1043999|3
2|1043752|4
2|1043736|5
2|1043726|6
2|1043682|7
2|1043674|8
2|1043641|9
2|1043638|10
116|1043595|1
116|1043573|2
116|1043547|3
116|1043461|4
116|1036110|5
116|300|6
116|1026299|7
116|1026067|8
116|1003574|9
116|1039333|10
118|1044052|1
118|1044197|2
118|1043735|3
118|1043921|4
118|1043734|5
118|1043906|6
118|1043673|7
118|1043817|8
118|1043804|9
118|1043695|10
117|1043698|1
117|1043563|2
117|1043613|3
117|1043621|4
117|1043479|5
117|1043557|6
117|1043583|7
117|1035155|8
117|1037363|9
117|1037585|10
113|1044189|1
113|1043737|2
113|1044162|3
113|1044021|4
113|1044168|5
113|1043989|6
113|1043914|7
113|1043636|8
113|1043883|9
113|1043816|10
121|1043576|1
121|1043603|2
121|1043601|3
121|1043506|4
121|1043547|5
121|1043559|6
121|1044196|7
121|1044183|8
121|1037265|9
121|1037679|10
3|1002085|1
3|1001212|2
3|48|3
3|1000581|4
3|98|5
3|38|6
3|1015176|7
3|105|8
3|19|9
3|1001488|10
119|1043549|1
119|1043603|2
119|1028763|3
119|1043470|4
119|1043438|5
119|1043545|6
119|1025897|7
119|1000433|8
119|1043060|9
119|1043276|10
122|1043600|1
122|1043572|2
122|1043631|3
122|1001901|4
122|210|5
122|345|6
122|1001724|7
122|1043381|8
122|1043266|9
122|1043412|10
123|1029521|1
123|1012383|2
123|1015873|3
123|1014058|4
123|1034824|5
123|1016438|6
123|1001279|7
123|1008415|8
123|1000399|9
123|1006324|10
124|359|1
124|1027507|2
124|1029487|3
124|1028641|4
124|1030439|5
124|1030433|6
124|1031954|7
124|1032061|8
124|1032196|9
124|1001254|10
129|1044195|1
129|1044033|2
129|1043963|3
129|1043952|4
129|1043873|5
129|1043846|6
129|1043827|7
129|1043811|8
129|1043787|9
129|1043774|10
125|1043631|1
125|1043606|2
125|1043558|3
125|1043270|4
125|1043562|5
125|1043539|6
125|1043357|7
125|1043429|8
125|1043403|9
125|1043305|10
11|1043421|1
11|1043430|2
11|1043683|3
11|1043429|4
11|1043626|5
11|1043593|6
11|1043631|7
11|1043501|8
11|1043462|9
11|1043339|10
14|1043594|1
14|1043506|2
14|1043550|3
14|1043562|4
14|1043125|5
14|1043428|6
14|1043216|7
14|1043128|8
14|1043322|9
14|1043358|10
28|1044008|1
28|1044152|2
28|1044183|3
28|1043629|4
28|1043652|5
28|1043686|6
28|1043603|7
28|1043386|8
28|1043139|9
28|1043576|10
126|1043600|1
126|1043558|2
126|1043631|3
126|1043392|4
126|1043424|5
126|1043473|6
126|1043403|7
126|1043266|8
126|1043381|9
126|1043279|10
127|1043617|1
127|1043601|2
127|1043603|3
127|1043547|4
127|1043459|5
127|1043328|6
127|1043412|7
127|1043358|8
127|1043424|9
127|1043228|10
10|1043847|1
10|1044003|2
10|1043440|3
10|1043545|4
10|1043612|5
10|1043559|6
10|1043518|7
10|1043643|8
10|1043430|9
10|1043482|10
9|1044094|1
9|1043714|2
9|1043576|3
9|1043652|4
9|1043462|5
9|1042865|6
9|1043547|7
9|1043558|8
9|1043590|9
9|1043478|10
24|1018768|1
24|1000433|2
24|1001566|3
24|1011765|4
24|1019015|5
24|1000390|6
24|1043577|7
24|1028763|8
24|1043276|9
24|1018224|10
6|1043581|1
6|1044188|2
6|1044183|3
6|1011738|4
6|1001657|5
6|1001745|6
6|1043757|7
6|1043491|8
6|1032723|9
6|1043285|10
26|1043745|1
26|1043474|2
26|1043570|3
26|1043657|4
26|1043603|5
26|1043478|6
26|1043139|7
26|1043348|8
26|1043228|9
26|1043473|10
5|1043573|1
5|1043641|2
5|1043594|3
5|1043635|4
5|1043534|5
5|1043597|6
5|1043484|7
5|1043804|8
5|1043553|9
5|1043408|10
17|1043674|1
17|1043422|2
17|1043439|3
17|1043601|4
17|1043679|5
17|1043580|6
17|1043285|7
17|1043505|8
17|1043255|9
17|1023630|10
132|1043398|1
132|1043608|2
132|1043598|3
132|1043459|4
132|1043437|5
132|1043461|6
132|1043281|7
132|1043290|8
132|1043358|9
132|1043357|10
133|1043557|1
133|1043565|2
133|1043617|3
133|1043538|4
133|1043470|5
133|1043035|6
133|1043285|7
133|1043125|8
133|1043238|9
133|1043276|10
134|1043565|1
134|1043609|2
134|1043456|3
134|1043583|4
134|1043442|5
134|1043505|6
134|1043377|7
134|1043396|8
134|1043417|9
134|1043255|10
111|1044219|1
111|1043585|2
111|1043672|3
111|1043851|4
111|1043671|5
111|1043820|6
111|1043670|7
111|1043783|8
111|1043765|9
111|1043733|10
112|1043606|1
112|1043617|2
112|1043631|3
112|1043517|4
112|1043550|5
112|1043558|6
112|1000602|7
112|1037502|8
112|1024372|9
112|1038102|10
110|1044013|1
110|1044140|2
110|1044097|3
110|1044133|4
110|1044129|5
110|1044054|6
110|1044064|7
110|1044082|8
110|1044058|9
110|1044042|10
2|1044114|1
2|1043997|2
2|1043999|3
2|1043752|4
2|1043736|5
2|1043726|6
2|1043682|7
2|1043674|8
2|1043641|9
2|1043638|10
116|1043595|1
116|1043573|2
116|1043547|3
116|1043461|4
116|1036110|5
116|300|6
116|1026299|7
116|1026067|8
116|1003574|9
116|1039333|10
118|1044052|1
118|1044197|2
118|1043735|3
118|1043921|4
118|1043734|5
118|1043906|6
118|1043673|7
118|1043817|8
118|1043804|9
118|1043695|10
117|1043698|1
117|1043563|2
117|1043613|3
117|1043621|4
117|1043479|5
117|1043557|6
117|1043583|7
117|1035155|8
117|1037363|9
117|1037585|10
113|1044189|1
113|1043737|2
113|1044162|3
113|1044021|4
113|1044168|5
113|1043989|6
113|1043914|7
113|1043636|8
113|1043883|9
113|1043816|10
121|1043576|1
121|1043603|2
121|1043601|3
121|1043506|4
121|1043547|5
121|1043559|6
121|1044196|7
121|1044183|8
121|1037265|9
121|1037679|10
3|1002085|1
3|1001212|2
3|48|3
3|1000581|4
3|98|5
3|38|6
3|1015176|7
3|105|8
3|19|9
3|1001488|10
119|1043549|1
119|1043603|2
119|1028763|3
119|1043470|4
119|1043438|5
119|1043545|6
119|1025897|7
119|1000433|8
119|1043060|9
119|1043276|10
122|1043600|1
122|1043572|2
122|1043631|3
122|1001901|4
122|210|5
122|345|6
122|1001724|7
122|1043381|8
122|1043266|9
122|1043412|10
123|1029521|1
123|1012383|2
123|1015873|3
123|1014058|4
123|1034824|5
123|1016438|6
123|1001279|7
123|1008415|8
123|1000399|9
123|1006324|10
124|359|1
124|1027507|2
124|1029487|3
124|1028641|4
124|1030439|5
124|1030433|6
124|1031954|7
124|1032061|8
124|1032196|9
124|1001254|10
129|1044195|1
129|1044033|2
129|1043963|3
129|1043952|4
129|1043873|5
129|1043846|6
129|1043827|7
129|1043811|8
129|1043787|9
129|1043774|10
125|1043631|1
125|1043606|2
125|1043558|3
125|1043270|4
125|1043562|5
125|1043539|6
125|1043357|7
125|1043429|8
125|1043403|9
125|1043305|10
11|1043421|1
11|1043430|2
11|1043683|3
11|1043429|4
11|1043626|5
11|1043593|6
11|1043631|7
11|1043501|8
11|1043462|9
11|1043339|10
14|1043594|1
14|1043506|2
14|1043550|3
14|1043562|4
14|1043125|5
14|1043428|6
14|1043216|7
14|1043128|8
14|1043322|9
14|1043358|10
28|1044008|1
28|1044152|2
28|1044183|3
28|1043629|4
28|1043652|5
28|1043686|6
28|1043603|7
28|1043386|8
28|1043139|9
28|1043576|10
126|1043600|1
126|1043558|2
126|1043631|3
126|1043392|4
126|1043424|5
126|1043473|6
126|1043403|7
126|1043266|8
126|1043381|9
126|1043279|10
127|1043617|1
127|1043601|2
127|1043603|3
127|1043547|4
127|1043459|5
127|1043328|6
127|1043412|7
127|1043358|8
127|1043424|9
127|1043228|10
10|1043847|1
10|1044003|2
10|1043440|3
10|1043545|4
10|1043612|5
10|1043559|6
10|1043518|7
10|1043643|8
10|1043430|9
10|1043482|10
9|1044094|1
9|1043714|2
9|1043576|3
9|1043652|4
9|1043462|5
9|1042865|6
9|1043547|7
9|1043558|8
9|1043590|9
9|1043478|10
24|1018768|1
24|1000433|2
24|1001566|3
24|1011765|4
24|1019015|5
24|1000390|6
24|1043577|7
24|1028763|8
24|1043276|9
24|1018224|10
6|1043581|1
6|1044188|2
6|1044183|3
6|1011738|4
6|1001657|5
6|1001745|6
6|1043757|7
6|1043491|8
6|1032723|9
6|1043285|10
26|1043745|1
26|1043474|2
26|1043570|3
26|1043657|4
26|1043603|5
26|1043478|6
26|1043139|7
26|1043348|8
26|1043228|9
26|1043473|10
5|1043573|1
5|1043641|2
5|1043594|3
5|1043635|4
5|1043534|5
5|1043597|6
5|1043484|7
5|1043804|8
5|1043553|9
5|1043408|10
17|1043674|1
17|1043422|2
17|1043439|3
17|1043601|4
17|1043679|5
17|1043580|6
17|1043285|7
17|1043505|8
17|1043255|9
17|1023630|10
132|1043398|1
132|1043608|2
132|1043598|3
132|1043459|4
132|1043437|5
132|1043461|6
132|1043281|7
132|1043290|8
132|1043358|9
132|1043357|10
133|1043557|1
133|1043565|2
133|1043617|3
133|1043538|4
133|1043470|5
133|1043035|6
133|1043285|7
133|1043125|8
133|1043238|9
133|1043276|10
134|1043565|1
134|1043609|2
134|1043456|3
134|1043583|4
134|1043442|5
134|1043505|6
134|1043377|7
134|1043396|8
134|1043417|9
134|1043255|10
111|1044219|1
111|1043585|2
111|1043672|3
111|1043851|4
111|1043671|5
111|1043820|6
111|1043670|7
111|1043783|8
111|1043765|9
111|1043733|10
112|1043606|1
112|1043617|2
112|1043631|3
112|1043517|4
112|1043550|5
112|1043558|6
112|1000602|7
112|1037502|8
112|1024372|9
112|1038102|10
110|1044013|1
110|1044140|2
110|1044097|3
110|1044133|4
110|1044129|5
110|1044054|6
110|1044064|7
110|1044082|8
110|1044058|9
110|1044042|10
2|1044114|1
2|1043997|2
2|1043999|3
2|1043752|4
2|1043736|5
2|1043726|6
2|1043682|7
2|1043674|8
2|1043641|9
2|1043638|10
116|1043595|1
116|1043573|2
116|1043547|3
116|1043461|4
116|1036110|5
116|300|6
116|1026299|7
116|1026067|8
116|1003574|9
116|1039333|10
118|1044052|1
118|1044197|2
118|1043735|3
118|1043921|4
118|1043734|5
118|1043906|6
118|1043673|7
118|1043817|8
118|1043804|9
118|1043695|10
117|1043698|1
117|1043563|2
117|1043613|3
117|1043621|4
117|1043479|5
117|1043557|6
117|1043583|7
117|1035155|8
117|1037363|9
117|1037585|10
113|1044189|1
113|1043737|2
113|1044162|3
113|1044021|4
113|1044168|5
113|1043989|6
113|1043914|7
113|1043636|8
113|1043883|9
113|1043816|10
121|1043576|1
121|1043603|2
121|1043601|3
121|1043506|4
121|1043547|5
121|1043559|6
121|1044196|7
121|1044183|8
121|1037265|9
121|1037679|10
3|1002085|1
3|1001212|2
3|48|3
3|1000581|4
3|98|5
3|38|6
3|1015176|7
3|105|8
3|19|9
3|1001488|10
119|1043549|1
119|1043603|2
119|1028763|3
119|1043470|4
119|1043438|5
119|1043545|6
119|1025897|7
119|1000433|8
119|1043060|9
119|1043276|10
122|1043600|1
122|1043572|2
122|1043631|3
122|1001901|4
122|210|5
122|345|6
122|1001724|7
122|1043381|8
122|1043266|9
122|1043412|10
123|1029521|1
123|1012383|2
123|1015873|3
123|1014058|4
123|1034824|5
123|1016438|6
123|1001279|7
123|1008415|8
123|1000399|9
123|1006324|10
124|359|1
124|1027507|2
124|1029487|3
124|1028641|4
124|1030439|5
124|1030433|6
124|1031954|7
124|1032061|8
124|1032196|9
124|1001254|10
129|1044195|1
129|1044033|2
129|1043963|3
129|1043952|4
129|1043873|5
129|1043846|6
129|1043827|7
129|1043811|8
129|1043787|9
129|1043774|10
125|1043631|1
125|1043606|2
125|1043558|3
125|1043270|4
125|1043562|5
125|1043539|6
125|1043357|7
125|1043429|8
125|1043403|9
125|1043305|10
11|1043421|1
11|1043430|2
11|1043683|3
11|1043429|4
11|1043626|5
11|1043593|6
11|1043631|7
11|1043501|8
11|1043462|9
11|1043339|10
14|1043594|1
14|1043506|2
14|1043550|3
14|1043562|4
14|1043125|5
14|1043428|6
14|1043216|7
14|1043128|8
14|1043322|9
14|1043358|10
28|1044008|1
28|1044152|2
28|1044183|3
28|1043629|4
28|1043652|5
28|1043686|6
28|1043603|7
28|1043386|8
28|1043139|9
28|1043576|10
126|1043600|1
126|1043558|2
126|1043631|3
126|1043392|4
126|1043424|5
126|1043473|6
126|1043403|7
126|1043266|8
126|1043381|9
126|1043279|10
127|1043617|1
127|1043601|2
127|1043603|3
127|1043547|4
127|1043459|5
127|1043328|6
127|1043412|7
127|1043358|8
127|1043424|9
127|1043228|10
10|1043847|1
10|1044003|2
10|1043440|3
10|1043545|4
10|1043612|5
10|1043559|6
10|1043518|7
10|1043643|8
10|1043430|9
10|1043482|10
9|1044094|1
9|1043714|2
9|1043576|3
9|1043652|4
9|1043462|5
9|1042865|6
9|1043547|7
9|1043558|8
9|1043590|9
9|1043478|10
24|1018768|1
24|1000433|2
24|1001566|3
24|1011765|4
24|1019015|5
24|1000390|6
24|1043577|7
24|1028763|8
24|1043276|9
24|1018224|10
6|1043581|1
6|1044188|2
6|1044183|3
6|1011738|4
6|1001657|5
6|1001745|6
6|1043757|7
6|1043491|8
6|1032723|9
6|1043285|10
26|1043745|1
26|1043474|2
26|1043570|3
26|1043657|4
26|1043603|5
26|1043478|6
26|1043139|7
26|1043348|8
26|1043228|9
26|1043473|10
5|1043573|1
5|1043641|2
5|1043594|3
5|1043635|4
5|1043534|5
5|1043597|6
5|1043484|7
5|1043804|8
5|1043553|9
5|1043408|10
17|1043674|1
17|1043422|2
17|1043439|3
17|1043601|4
17|1043679|5
17|1043580|6
17|1043285|7
17|1043505|8
17|1043255|9
17|1023630|10
132|1043398|1
132|1043608|2
132|1043598|3
132|1043459|4
132|1043437|5
132|1043461|6
132|1043281|7
132|1043290|8
132|1043358|9
132|1043357|10
133|1043557|1
133|1043565|2
133|1043617|3
133|1043538|4
133|1043470|5
133|1043035|6
133|1043285|7
133|1043125|8
133|1043238|9
133|1043276|10
134|1043565|1
134|1043609|2
134|1043456|3
134|1043583|4
134|1043442|5
134|1043505|6
134|1043377|7
134|1043396|8
134|1043417|9
134|1043255|10
